647123895925648317381795246268437951153869724794512683419276538572381469836954172
236154879859237461714968523328596147165742938497381652581623794943875216672419385
732154698146289375958367124264938751379615482581742963423576819615893247897421536
536217498748395162129486375254873619381962754697154823413729586862541937975638241
835217469924365187716894253142758396359426871678139524287941635591683742463572918
862315479147692358935487261213879645458263917679154832391548726584726193726931584
614325798532789164789146235145637829398214576267958413473562981956871342821493657
359126748167438259248975316673251894512894673894367521926713485431582967785649132
164523798872149365395678412246391857538467921719285634687912543951834276423756189
138426795652197834947358162213845976476219583589763241721684359365972418894531627
598123647731546289426789351152498736349671528687235194864357912275914863913862475
392146587581273469647589123139465872468712395275938641926851734854327916713694258
367124589492385617851697234245831976186279453973456821519742368734568192628913745
456127389283495167179386425617953842548261793932874651321649578794538216865712934
641235798275189436938467215123946587459873162786512943364751829512398674897624351
429513786853276419671489235167392854385164927294758361536847192718925643942631578
874123569621495387593786142147352698389641725265978413432569871758214936916837254
728314659153296478649587312217648935895132764364759821431875296972461583586923147
593612487672548319184379256267193845348257691915486732439761528751824963826935174
574312698836459127129678345213594876465287931798163254682945713357821469941736582
274153689163798425895624137612437598457819362389265714546981273931572846728346951
815234769973165428462798351124987536357612894689453217246379185531846972798521643
951263784763184259824795136147639825532847691689512347475326918316958472298471563
295134678716258394843697125357481962184926753962573481531762849628349517479815236
451327698238169457796485123567214839824973516319856742185732964643598271972641385
612354789587912436349786125276135894831649572495278613164893257753421968928567341
176328495839456271425179368268794153714235986593681724681947532347562819952813647
718426935965137428234598167153284679427619853896375214342951786671843592589762341
693124758874536129125978346258349617341765892769812534437281965516497283982653471
798312456142576893563849172234167985659483217817295364986724531475931628321658749
984123576372456189651789324123678495567934812498512763739865241216347958845291637
217358496869412537543697182426139875195786243738245961351864729682971354974523618
614235879859617324327948561132756498498123657765489213571364982946872135283591746
463215798982347516751869234134678925679152483528493671395784162846921357217536849
297413568318256497546798231162375849789164352453829716931582674874631925625947183
527143869831629457964578213172495638453786921689231574316954782298367145745812396
659124783487356192312789456124675839798213564536948271261837945843591627975462318
987123456432567198561489273125398647743615829698274531359841762214736985876952314
985213476731456298426978315162795834843162759579384621354629187618537942297841563
412537689938162457675849231123478596549216378867395124351984762286751943794623815
582134697476259813193678245218567934347982561659413728864791352931825476725346189
132456789984317265567928134496235871271864953358179642643791528815642397729583416
687123495239465178514897236362518947791246853458379621176934582843652719925781364
462153789937248165581697234245736891173589426698412573724965318356821947819374652
137246859526189374489537261243965718671328495958714632865493127392871546714652983
973214586425698137816735924167349852538172649249586713752461398381927465694853271
426135897359487126781692543137549682245768931698213475874356219512974368963821754
319425678574168239862397415135284796246719853798653124423576981951842367687931542
587213649324659187916478253175936824298147536463582971842391765751864392639725418
617234589948156237325897146172365894483729615569481723754912368891673452236548971
697312458251489367348567192482176935175934286963258741739825614516743829824691573
274518369689234517513697248347125986126849735958376124435962871861753492792481653
619234587738615249245789163126543798893176452457892316382951674961427835574368921
321546879574198623689372451152463987893217564746985132215639748437851296968724315
219345678475168293368729145596831427137492586824576319641957832753284961982613754
147235689839164572625879134273546918968721453451398726514683297392417865786952341
718325469654791238293468517475236981132859746869174352547682193926513874381947625
852314697361729845497658132235187964179546283648293751724865319583971426916432578
748123569359467281612598374483271956971645823526839417194752638865314792237986145
685127394123459867479386125316295478257814936948673251761942583832561749594738612
843126579291573486756489213137845692564297831982631745418952367329764158675318924
359124786284657139617398524526481973178539642493762851831945267765213498942876315
197234586548196372632785194369521748271468935485973621726819453853647219914352867
932514678864297153751683924183476592475129836629358741316745289297831465548962317
854213697192576483763894215231759846679438521485162739926387154318645972547921368
387125694254369187619784523138976452475231968926458731763512849842697315591843276
967123458132584796854697123219476835475238961683915274398761542741352689526849317
219354678367189425854267319478612593196573842523948761741895236635421987982736154
568214379493657128127398456219543867374862915685179234951436782732985641846721593
843215769156479238792683415368542197275198346419367582521836974637954821984721653
854162379962347158317589264435891726196725483728436591243978615681253947579614832
459213678183467295627589143295348761314796582876125439962854317538671924741932856
749213685238564719561798243156982437384157926927436851493625178812379564675841392
789123546563478219214596783348261975156937824927854631832649157495712368671385492
735124689428639517961578423189365742253741968647892135896217354372456891514983276
562143879917258346348679215274531968683492157159786432421965783895317624736824591
428153697635729148179684325294836751357291486861475932542317869786942513913568274
739124685245368719186597423451932867397846152628715934973281546862459371514673298
219354768873216549645879213138742956726935184594168372361427895952681437487593621
923514687781236549456798123137452968548369712692187354369825471814673295275941836
983415672276839451514672839132586794457193268698247513325964187741358926869721345
532174689416298375978635412185742936293561748647389521861453297724916853359827164
651234978498517236327869451149625387235748619876193524982451763513976842764382195
862314579417589263593276814134965782786123945259847631371692458945738126628451397
394126578128375469567489213243517986675893142981264357456938721719652834832741695
614273859287591364539864127346182975178659432952437681861925743795348216423716598
782134569653879124914256738275618493139742856468593271547961382326487915891325647
146237598589614273273598146392845761418376925765129384857961432624753819931482657
691325748847196352523478196135769824278514639469283517752641983384957261916832475
597213468831645279624789135245176893783592614169438527918364752472951386356827941
372154698461928537598376142617243985839765214245891763726439851984512376153687429
384125697267389145591467328429658713635791482178243569956874231812536974743912856
684125793935748162172639548458263971213974856769581234596312487827496315341857629
271345869963128547458679231329716485145893726687452193894567312532981674716234958
459132768321867495678495123142358976587629314936714582714283659865941237293576841
397142568614358279582697134135829746479536812826714395741265983263981457958473621
536217498197485236284639517359162784618794352472358961843526179761943825925871643
524163789619278345873954126132785694768492513945631278351829467486317952297546831
169243587823571469475869213238657941794132856516984732982416375647325198351798624
532164897719583426864729315273951684981346752645278931457892163196435278328617549
563124897741598326982736145138972654276345981459681732317459268624813579895267413
431257896625398147987164253153489672849726531276513984362945718798631425514872369
251348679398672145764159328435281967186497532927536481873965214619824753542713896
129354687348167259576982134415826793982731546637549812761498325293615478854273961
815247693962153478734698125178532964256489731349716852423971586587364219691825347
865123794391674258724859136152498367648237915937516842286341579473985621519762483
469315287231748569785692134347189652126574893958236471514967328892453716673821945
456123798287594136913687245674315829598472361132869457349758612821946573765231984
692145378438276195715398426346582917257914683981637254563829741124753869879461532
538124967947386512126579348381962475264857139759431826892613754615748293473295681
648312597359674128271589364194268735583497612726135489415926873937851246862743951
649132758127548936835697124294813567376925841581476293712369485953784612468251379
195326847678594132243718596426183975789465321351279684814637259967852413532941768
452136798963487125871529364234875916186293457597614283748961532615342879329758641
195236478367458192428917365274163859819725634536894217683572941741689523952341786
314526879825719346796384125142693587978245613563178492259431768681957234437862951
621438957397152486458769231173625849284397615569814372735946128942581763816273594
365124879928537416417689352132458697586973241749261538253716984674895123891342765
278315649149267358635489127312896574597134286486572931861753492954628713723941865
176324958853196274924587316345271689782639145619845723467952831598713462231468597
468123579732659184591748326176432895389571462245896731654287913823914657917365248
468123579732659184591748326176432895389571462254896731645287913823914657917365248
468123579732659184591748326176432895389571462254896731647285913823914657915367248
468123579732659184591748326176432895983571462245896731654287913829314657317965248
468123579732659184591748326176432895983571462254896731645287913829314657317965248
296134587138257496475968123517493862382671945649825371721589634964312758853746219
296134587138257496475968123517493862382671945964825371721589634649312758853746219
296134587138257496475968123517493862382671945964825371859712634621349758743586219
296134587138257496475968123517493862823671945649825371782519634961342758354786219
296134587138257496475968123517493862829671345364825971951782634642319758783546219
321645897865719342749283516156832974437596128298471653674958231583124769912367485
321645897865719342749283516156832974437596128982471653574968231218354769693127485
321645897865719342749283516156832974437596128982471653578964231214358769693127485
321645897865719342749283516156832974437596128982471653674958231518324769293167485
321645897865719342749283516156832974437596128982471653678954231514328769293167485
571326849234819675698457123347261958185793462926584731759638214863142597412975386
571326849234819675698457123347261958185793462926584731863975214412638597759142386
571326849234819675698457123347261958185793462962584731756938214813642597429175386
571326849234819675698457123347261958815793462962584731756938214183642597429175386
571326849234819675698457123347261958815793462962584731786935214123648597459172386
965123748481576293237894561352619874174238659698457312816345927529781436743962185
965123748481576293237894561352619874174238659896457312618345927529781436743962185
965123748481576293237894561352619874714238659896457312148365927529781436673942185
965123748481576293237894561352619874714238659896457312548361927129785436673942185
965123748481576293237894561354619872179238654628457319816345927592781436743962185
124635798783492561695718243569124837238579614417386925872943156946851372351267489
124635798783492561695718243569124837238579614417386925972843156846951372351267489
124635798783492561695718243569124837831579624247386915972843156458961372316257489
124635798783492561695718243569124837832579614417386925278943156946851372351267489
124635798783492561695718243859124637236579814417386925972843156548961372361257489
543127968627489315198635274284716539319548726765392481952863147871254693436971852
543127968627489315198635274284716539369548721715392486952863147871254693436971852
543127968627489315198635274284716539931548726765392481859263147472851693316974852
543127968627489315198635274284716539936548721715392486859263147472851693361974852
543127968627489315198635274284716539936548721715392486869253147452871693371964852
178234569693571284452896713546329871237148695819657432724963158985712346361485927
178234569693571284452896713546329871237148695819657432924763158785912346361485927
178234569693571284452896713546329871327148695981657432734962158219785346865413927
178234569693571284452896713546329871729148635381657492934762158217985346865413927
178234569693571284452896713546329871927148635381657492734962158219785346865413927
743162895521498637869573241374621958182954763956387412295716384637845129418239576
743162895521498637869573241374621958218954763695387412957216384486735129132849576
743162895521498637869573241374621958218954763956387412697215384485736129132849576
743162895521498637869573241374621958286954713195387462952716384637845129418239576
743162895521498637869573241374621958286954713195387462957216384638745129412839576
213456798587139264946287351628713549451928673379564812792845136834671925165392487
213456798587139264946287351628713549451928673379564812792845136864371925135692487
213456798587139264946287351628713549451928673379564812795842136834671925162395487
213456798587139264946287351628713549451928673379564812795842136864371925132695487
213456798587139264946287351628713549475928613139564872792845136864371925351692487
