047103800925600017301795246008437901153809020790502003000276500070081469006050170
206154879859037461700968520028090047065000030407300652081623794940075016600419085
730054690146089370958307124000030750079615482581740900423506819615800200897401530
000017490008395100120406075000800619381960004690150823400729586062500937075030001
805017469904360180016000253142750096300026001000000520080940035090603002460572918
860315479147690050935087001213879645450063917679154830390548720584020190720000504
610320000530000164780100035105007000390214070267008400403500901956871300020490600
050020748107400050208000010070251894510890070804000521000013000431580007785600102
164020798870009365305678012040391857508067921719285030607910043951830206400756109
008006700052107830907358162213805976476009080500063000001680059360000010000501020
598123647731006280026780351150490706309070028687205004804357002275000863903862075
302146580081003460047500103000400800460702005000038040926050034854300910013600058
367004580002385007851607204245831906086279453973456020010702060704560100600003740
056107309083405107179306425617953842040260790900070651001649570794538016865700904
640205000005089030008067000023046507450070100780010903360000820500008674800620351
409513006850076419671009235060392854385064927204050360506807192700925643940601578
004000560601005307500086040007002690309601005205978413400560001758204006906837204
708304650100296078649080012207040935890000064360700821030875296072061580080923147
090600007002540309004300056007193040008057001015086730039701528750824060026035004
574310098806059027109670045210504076065280931790160050680945713307801069901736580
074150609063798020805004007600000590057000362309205000006981273031570846020006951
805030769070165428002798350124980536057002094080453217200309105531846072790501043
951260784763180050800795106147639825502807601689512347470326008310050400208001563
290034608716258394843690120050481902180026753002573480531762849008309517409815206
401320090238169450096485000067210039804073010309050742105702064003098201002041085
000354000587002400040786020276035890031640502400000600164893057750421060928560301
176328405839450271405170300060004103700230986593601724681907530347502010952810647
718400930960037428200008167153280679420619853896375210342051786671043090089702340
603024758874500129120908040258000600300005092709812530007280965500400280080603471
098312456140576893503049172234160985059483007800290060986024531475031008001058040
984123006002456180650089324120008495067930802400512763009865000000000908040200637
217350496809412500540697182406009075095080043738245961351864020600971350904523608
614205070809010024320048001032006490098103657760080213071300080046000135203591740
000005708902007506051009030004608025070000483528093671095704162046020357210536049
297413508318256407540798000102370009780100000053820710001082074874001925620907183
507143869001600457960578213102400638453706921680201570310954780298060045705812396
650000080080000090310709056024605030700203500536900200061007000040090020900462010
987003456432060008060489273125398007743610809008274530359840062204736985076050314
085200470731450200426970010162005804043102759079384001354600087618507940290841563
000537080008100007000849230000408096549216378860390024051000002280000940000020015
500000607476059803100008205218067930307980061009410708804790002000800400725346180
032000089084017260007000004406230871271864950358009640043090028815002397729583010
687123400009460178510897036302018940701206853000079021176034080003602709925780004
402103780937240000080007034245736890000080026698000573704900308056000947819304002
007240809000100004409007261243005710071008495000014002805090107302000546010600000
000204580000608030006730920167009852538102049249506010750400098301020400094850001
400005897059400006780602040000509680000008931608200475870300019502074068963801704
010425600570068009062090410100200706040709803798050124023506980901802007087001000
500210640320609180916070053175930824098047530463500971802000765751060390609725418
017204509948056030305007140000365894483729605560481023750012360091070052200540970
097312008001400007348000192000176905100930086960050741709800604016040809024691003
204010060689034510510690248347105986100849735908376120435900871801053492792481003
619230007008000049205780163006503790893170402007002016002901674060020030074308900
321506009000190020680002451100000907093210504746085130015609048030801000900720300
009345008475108093068029105590030420107002006824506319641050832703004960982603704
107235089000104500600870030003546918000720403001090700004680097302417865080052000
018325409654791208293068007475236081132859746060174352500082093006510874381947605
052010697301700845497658102200087904170046283040203750004805010583970426906432570
748123560359467281012098074480271906970600000506809410194750600860314792037986145
605020390103400060070380005300005478250814906948673001761902583832001009500008602
803026000001000406706000010130845690504297831000630005400000360329760108675300024
050024000084600009010008500520481903078030002493062800800905000705013490942870010
197200006040106000630700190309020048270468030400970621026810050053047010004002067
032504070064290000750080904100076502070129000629058041010740009207030005008962317
854213600092000083000894210030700806670000001480100709920380000018640900540920008
300005604204360180609784523030906050405030968026458030000512840000690305091843206
960020058130504796000600003019470830000038901683015000398701000040352000000800307
000050000000109025850260010070012503106503800020940001701805030630021007080006154
568200379490607020120308456009000867074062915605179230051430080032905600806020593
800215760100479238792680415368000107270190046010060580021030900030954821000721053
804162379962340150007080264435801020196020483728406590243978615681253900070610832
459013078180467290627580043205348061314706580870125430962854017530600924701932806
749210085030500000501000043106900407384007006920406801493605070002309504000041390
080123540000470019010006703308261070106037824907054001032009057495700308071385492
735124080408039507061070023180065742253701908047892135800017300002450091510900276
500003079017008300040679015274031960000492100159780402020905080095310024700020591
428100690635009108179084005000806701307290480061070900540307060080002013913500204
739120685240368719086507423451902067097046152608705034003280546862050371514670098
010354068873206509000009010138042956720935184004168070361427800952680437480593621
003010080780006500056798023130002068540069702692087304369005000804073090270041030
900010072076830451014672800130506794007103200098247010025904107740300006000721005
032000680000008375978605000185040000003500748640080001060450200720906850059027060
601034078408507206327869451109020007235748619806190524980050763513970042760382195
862010579010589260090070810134965002000003040209807001070002058900730026600001397
390000570108300069067489213243507006675003102980004057056930700719652804032041095
614270859207590360539800027346182070078659002952407081861025000705348200003716598
702030069653870024914256038275610403000700806068500271540961302026487910800020647
146207500580014273273508046090040061408306025705020384857901032024703810931480650
600020748807190052023070100105760024078504639469200517752041003384950201010800405
597210000000645270604709100245076893703002610169430020900064702072000086056020941
070150698401928537508076140617043985039065204245891700726039051984500370053687429
300020007007309040591007308009650703005700482100240560906804201012530970040002006
604025793905740100000039040050060900203074850069501004006312407027406305001857029
271040860063028547000079200320706485100803726687452190090067300032981674706230050
459132708021807005608400120042358076580009300030704502014283609800901230200506001
097102068604008279582697030130820746070006812806710305041260983263980407058003620
036210090190005030004639507359102084618000300000300900000020170061943820020870600
524100780619278305873954006130785690768092513905031208050829067086307002200040800
160243080803571000475869003238050941704132850516980002082416305600320198351008024
032164007009580426860029315273951080081346752605278001400892063096400200028017540
000024007701500026002736145038972654270305981009681702000450268604800570890067010
001200896600090140900064203050089600040720001076513980302000008098631405010870309
250000679098072045764159028405201967186097030027000481073000214600800703502003096
120354087300160259076902000015826790900030546637049802761498325293615400804073961
815040093962003078704690100108000004056480701349716050403071586587304219691020347
065003704301670058704859036102008300000230010937016042200301070073080001019060080
060000287230008009705690134300189050000570803958036070004967300892053716073821905
456103798080590136913087245004300829098472000002060050300000602821906073000231984
092005370030206090000398420040582900250010003980607000503809741104050009009060502
038104060947380012126070300381962070200007039059000826090613054000040290070090000
000302097300604100271089004000068000083000610706135009005926870907050040862703900
640002058020008936835007004000010500300920000001470293010360005000784610000000370
105326000678594132043710590426180070089460000351279004800637259000052410030940768
452036098903487120001029004230005900086000000597610283008061000015302079329758041
090236008067400100020007365274100859819720004000890217680502040741089020052300786
304000079825710046796384120102603580900245013560078092259431768681057030437062050
020438000300152000450060000003620040280007010560810372735946128002001063810273594
065020870908530406410009050132408097086070240749261530003716984004890123091340700
070000609149067300605009127002896570500034006400570931801753490050028003003901805
070024900800196004004087316040071009702639005619805023460002030098700002201408597
